sub1: 0.75598
sub2: 0.76555
sub3: 0.77990
sub4: 0.77990
sub5: 0.76555
sub6: 0.75598
sub7: 0.78468